   0.0000000000000000                1 
   0.0000000000000000                2 
   0.0000000000000000                3 
   0.0000000000000000                4 
   0.0000000000000000                5 
   0.0000000000000000                6 
   0.0000000000000000                7 
   0.0000000000000000                8 
   0.0000000000000000                9 
   0.0000000000000000               10 
   0.0000000000000000               11 
   0.0000000000000000               12 
   0.0000000000000000               13 
   0.0000000000000000               14 
   0.0000000000000000               15 
   0.0000000000000000               16 
   0.0000000000000000               17 
   0.0000000000000000               18 
   0.0000000000000000               19 
   0.0000000000000000               20 
   0.0000000000000000               21 
   0.0000000000000000               22 
   0.0000000000000000               23 
   0.0000000000000000               24 
   0.0000000000000000               25 
   0.0000000000000000               26 
   0.0000000000000000               27 
   0.0000000000000000               28 
   0.0000000000000000               29 
   0.0000000000000000               30 
   0.0000000000000000               31 
   0.0000000000000000               32 
   3.3306590818682481E-016          33 
   9.9919772456047428E-016          34 
   2.3314613573077727E-015          35 
   6.3282522555496639E-015          36 
   1.6986361317528020E-014          37 
   4.5963095329781464E-014          38 
   1.2489971557005670E-013          39 
   3.3972722635054206E-013          40 
   9.2359176340192304E-013          41 
   2.5109838818194217E-012          42 
   6.8251865905566508E-012          43 
   1.8551771085948778E-011          44 
   5.0426844630877833E-011          45 
   1.3706894465435000E-010          46 
   3.7257618458825972E-010          47 
   1.0127215325255586E-009          48 
   2.7527354401581512E-009          49 
   7.4823515972269548E-009          50 
   2.0338123053333452E-008          51 
   5.5281871591897426E-008          52 
   1.5026354968426252E-007          53 
   4.0843552794953256E-007          54 
   1.1101770281889219E-006          55 
   3.0175858406576449E-006          56 
   8.2021049687206175E-006          57 
   2.2294020892506557E-005          58 
   6.0596363874160641E-005          59 
   1.6470003056444016E-004          60 
   4.4762390063219829E-004          61 
   1.2163560640087701E-003          62 
   3.3038101133414407E-003          63 
   8.9628916525862200E-003          64 
   2.4236567470527114E-002          65 
   6.4966567726399804E-002          66 
  0.17011901690976661               67 
  0.41925077993653281               68 
  0.89262241444300550               69 
   1.4086011466348753               70 
   1.4114813077737109               71 
  0.89737402567901703               72 
  0.42224760708957959               73 
  0.17147820201989789               74 
   6.5510845935402184E-002          75 
   2.4444878200805566E-002          76 
   9.0414146973071992E-003          77 
   3.3332926307215569E-003          78 
   1.2274288887592197E-003          79 
   4.5179072176903422E-004          80 
   1.6627229967367351E-004          81 
   6.1191491558761988E-005          82 
   2.2520070199474422E-005          83 
   8.2882950424619289E-006          84 
   3.0505882157790765E-006          85 
   1.1228732267576381E-006          86 
   4.1334568651329736E-007          87 
   1.5217394758036378E-007          88 
   5.6030305205194738E-008          89 
   2.0633713999725237E-008          90 
   7.6002191110908449E-009          91 
   2.8002860017726435E-009          92 
   1.0321836716898475E-009          93 
   3.8069014604929384E-010          94 
   1.4053624930125415E-010          95 
   5.1959769819636903E-011          96 
   1.9265922190863402E-011          97 
   7.1875838614146540E-012          98 
   2.7284841053175439E-012          99 
   1.1390888232651945E-012         100 
   1.1390888232651945E-012         101 
   2.7284841053175439E-012         102 
   7.1875838614146540E-012         103 
   1.9265922190863402E-011         104 
   5.1959769819636903E-011         105 
   1.4053624930125415E-010         106 
   3.8069014604929384E-010         107 
   1.0321836716898475E-009         108 
   2.8002860017726435E-009         109 
   7.6002191110908449E-009         110 
   2.0633713999725237E-008         111 
   5.6030305205194738E-008         112 
   1.5217394758036378E-007         113 
   4.1334568651329736E-007         114 
   1.1228732267576381E-006         115 
   3.0505882157790765E-006         116 
   8.2882950424619289E-006         117 
   2.2520070199474422E-005         118 
   6.1191491558761988E-005         119 
   1.6627229967367351E-004         120 
   4.5179072176903422E-004         121 
   1.2274288887592197E-003         122 
   3.3332926307215569E-003         123 
   9.0414146973071992E-003         124 
   2.4444878200805566E-002         125 
   6.5510845935403489E-002         126 
  0.17147820201989913              127 
  0.42224760708958126              128 
  0.89737402567901026              129 
   1.4114813077737070              130 
   1.4086011466348753              131 
  0.89262241444300550              132 
  0.41925077993653281              133 
  0.17011901690976661              134 
   6.4966567726399804E-002         135 
   2.4236567470527114E-002         136 
   8.9628916525862200E-003         137 
   3.3038101133414407E-003         138 
   1.2163560640087701E-003         139 
   4.4762390063219829E-004         140 
   1.6470003056444016E-004         141 
   6.0596363874160641E-005         142 
   2.2294020892506557E-005         143 
   8.2021049687206175E-006         144 
   3.0175858406576449E-006         145 
   1.1101770281889219E-006         146 
   4.0843552794953256E-007         147 
   1.5026354968426252E-007         148 
   5.5281871591897426E-008         149 
   2.0338123053333452E-008         150 
   7.4823515972269548E-009         151 
   2.7527354401581512E-009         152 
   1.0127215325255586E-009         153 
   3.7257618458825972E-010         154 
   1.3706894465435000E-010         155 
   5.0426844630877833E-011         156 
   1.8551771085948778E-011         157 
   6.8251865905566508E-012         158 
   2.5109838818194217E-012         159 
   9.2359176340192304E-013         160 
   3.3972722635054206E-013         161 
   1.2489971557005670E-013         162 
   4.5963095329781464E-014         163 
   1.6986361317528020E-014         164 
   6.3282522555496639E-015         165 
   2.3314613573077727E-015         166 
   9.9919772456047428E-016         167 
   3.3306590818682481E-016         168 
   0.0000000000000000              169 
   0.0000000000000000              170 
   0.0000000000000000              171 
   0.0000000000000000              172 
   0.0000000000000000              173 
   0.0000000000000000              174 
   0.0000000000000000              175 
   0.0000000000000000              176 
   0.0000000000000000              177 
   0.0000000000000000              178 
   0.0000000000000000              179 
   0.0000000000000000              180 
   0.0000000000000000              181 
   0.0000000000000000              182 
   0.0000000000000000              183 
   0.0000000000000000              184 
   0.0000000000000000              185 
   0.0000000000000000              186 
   0.0000000000000000              187 
   0.0000000000000000              188 
   0.0000000000000000              189 
   0.0000000000000000              190 
   0.0000000000000000              191 
   0.0000000000000000              192 
   0.0000000000000000              193 
   0.0000000000000000              194 
   0.0000000000000000              195 
   0.0000000000000000              196 
   0.0000000000000000              197 
   0.0000000000000000              198 
   0.0000000000000000              199 
   0.0000000000000000              200 
